0 0.4296875 0.7234375 0.046875 0.0515625
0 0.378125 0.6 0.0703125 0.0703125
0 0.284375 0.2515625 0.0359375 0.1296875
0 0.4875 0.4328125 0.03125 0.0328125
0 0.51875 0.4 0.0390625 0.040625
0 0.4765625 0.3328125 0.0390625 0.0421875
0 0.509375 0.2515625 0.015625 0.0171875
0 0.525 0.2421875 0.0140625 0.015625
0 0.525 0.2734375 0.0140625 0.015625
0 0.525 0.221875 0.015625 0.01875
0 0.5109375 0.21875 0.0140625 0.0171875
0 0.5125 0.26875 0.0125 0.0140625
1 0.478125 0.365625 0.0203125 0.015625
1 0.50625 0.3375 0.0203125 0.0109375
1 0.465625 0.30625 0.021875 0.028125
1 0.31875 0.6 0.05 0.0203125