0 0.0203125 0.4171875 0.0390625 0.0828125
0 0.2125 0.3328125 0.125 0.1203125
0 0.5609375 0.5734375 0.0640625 0.0640625
0 0.665625 0.50625 0.0640625 0.0625
0 0.5109375 0.5234375 0.0546875 0.0546875
0 0.79375 0.559375 0.0265625 0.0234375
0 0.809375 0.584375 0.0234375 0.021875
0 0.8390625 0.5828125 0.0265625 0.0234375
0 0.8421875 0.559375 0.0265625 0.021875
0 0.765625 0.584375 0.0203125 0.021875
0 0.7703125 0.5640625 0.021875 0.0203125
1 0.70625 0.4890625 0.04375 0.0359375
1 0.6609375 0.553125 0.0140625 0.03125
1 0.6203125 0.50625 0.0140625 0.0328125
1 0.6671875 0.621875 0.021875 0.0390625