0 0.7203125 0.4109375 0.1078125 0.1046875
0 0.25625 0.365625 0.0484375 0.04375
0 0.140625 0.359375 0.0546875 0.0453125
0 0.7515625 0.50625 0.090625 0.084375
0 0.0234375 0.3484375 0.04375 0.0515625
0 0.28125 0.4890625 0.028125 0.0234375
0 0.19375 0.4890625 0.0203125 0.0203125
0 0.29375 0.465625 0.025 0.0265625
0 0.2390625 0.465625 0.021875 0.028125
1 0.6921875 0.55625 0.071875 0.0625
1 0.5859375 0.4578125 0.053125 0.06875
1 0.7984375 0.5984375 0.0640625 0.040625
1 0.509375 0.5546875 0.0578125 0.059375
1 0.44375 0.4515625 0.06875 0.0359375
1 0.603125 0.6171875 0.0875 0.0328125
1 0.5484375 0.371875 0.03125 0.0546875
1 0.7015625 0.309375 0.05625 0.0890625
1 0.44375 0.58125 0.04375 0.06875
1 0.503125 0.465625 0.0359375 0.046875