0 0.6140625 0.49375 0.0390625 0.0375
0 0.4671875 0.5140625 0.034375 0.0328125
0 0.1796875 0.5109375 0.059375 0.053125
0 0.209375 0.4359375 0.0625 0.0578125
1 0.39375 0.775 0.040625 0.0109375
1 0.315625 0.775 0.03125 0.0109375
1 0.4671875 0.4859375 0.0109375 0.025
1 0.1515625 0.7765625 0.234375 0.0078125
1 0.590625 0.7765625 0.121875 0.0078125
1 0.459375 0.7765625 0.0390625 0.009375
0 0.3671875 0.465625 0.0453125 0.0484375
0 0.3046875 0.4875 0.059375 0.05625
0 0.25 0.484375 0.046875 0.046875
0 0.3265625 0.53125 0.046875 0.0484375