0 0.5921875 0.696875 0.109375 0.1140625
0 0.640625 0.0828125 0.046875 0.05625
0 0.634375 0.1984375 0.04375 0.05
0 0.6296875 0.3078125 0.0421875 0.04375
0 0.4921875 0.75625 0.0875 0.0921875
0 0.6125 0.5984375 0.0375 0.0375
0 0.5328125 0.309375 0.0265625 0.0265625
0 0.5109375 0.3515625 0.0265625 0.028125
0 0.5109375 0.2734375 0.0234375 0.028125
0 0.534375 0.359375 0.0265625 0.021875
1 0.440625 0.6640625 0.0640625 0.0671875
1 0.5421875 0.553125 0.0703125 0.0625
1 0.546875 0.43125 0.0375 0.0703125
1 0.378125 0.5671875 0.0359375 0.0875
1 0.39375 0.790625 0.0421875 0.075
1 0.696875 0.6734375 0.09375 0.0484375
1 0.4171875 0.421875 0.0703125 0.04375
1 0.44375 0.484375 0.0609375 0.0640625
1 0.628125 0.55625 0.05625 0.025
1 0.66875 0.7015625 0.046875 0.025
1 0.4125 0.453125 0.0296875 0.03125