0 0.2703125 0.5875 0.10625 0.103125
0 0.765625 0.6359375 0.05 0.046875
0 0.884375 0.6453125 0.0578125 0.0484375
0 0.2484375 0.49375 0.0890625 0.0828125
0 0.840625 0.5109375 0.025 0.021875
0 0.75 0.5125 0.028125 0.025
0 0.7375 0.534375 0.0265625 0.028125
0 0.9921875 0.653125 0.0140625 0.0453125
1 0.29375 0.4453125 0.0734375 0.0625
1 0.3984375 0.5421875 0.046875 0.0671875
1 0.475 0.4453125 0.053125 0.0578125
1 0.196875 0.4046875 0.0609375 0.0390625
1 0.54375 0.41875 0.0421875 0.06875
1 0.5484375 0.5421875 0.0671875 0.05
1 0.378125 0.384375 0.0859375 0.03125
1 0.2828125 0.6859375 0.05 0.084375
1 0.3203125 0.659375 0.028125 0.04375
1 0.4546875 0.6265625 0.028125 0.0546875