0 0.4078125 0.696875 0.109375 0.1140625
0 0.359375 0.0828125 0.046875 0.05625
0 0.365625 0.1984375 0.04375 0.05
0 0.3703125 0.3078125 0.0421875 0.04375
0 0.5078125 0.75625 0.0875 0.0921875
0 0.3875 0.5984375 0.0375 0.0375
0 0.4671875 0.309375 0.0265625 0.0265625
0 0.4890625 0.3515625 0.0265625 0.028125
0 0.4890625 0.2734375 0.0234375 0.028125
0 0.465625 0.359375 0.0265625 0.021875
1 0.559375 0.6640625 0.0640625 0.0671875
1 0.4578125 0.553125 0.0703125 0.0625
1 0.453125 0.43125 0.0375 0.0703125
1 0.621875 0.5671875 0.0359375 0.0875
1 0.60625 0.790625 0.0421875 0.075
1 0.303125 0.6734375 0.09375 0.0484375
1 0.5828125 0.421875 0.0703125 0.04375
1 0.55625 0.484375 0.0609375 0.0640625
1 0.371875 0.55625 0.05625 0.025
1 0.33125 0.7015625 0.046875 0.025
1 0.5875 0.453125 0.0296875 0.03125