0 0.628125 0.79375 0.040625 0.046875
0 0.490625 0.2484375 0.0984375 0.0921875
0 0.596875 0.365625 0.1171875 0.11875
0 0.6265625 0.69375 0.040625 0.0453125
0 0.625 0.596875 0.0390625 0.0421875
0 0.509375 0.590625 0.0265625 0.025
0 0.4578125 0.196875 0.03125 0.0328125
1 0.4359375 0.409375 0.06875 0.05
1 0.3734375 0.5125 0.040625 0.0765625
1 0.5421875 0.5171875 0.0703125 0.0765625
1 0.3796875 0.25 0.0421875 0.09375
1 0.5484375 0.59375 0.034375 0.0609375
1 0.41875 0.615625 0.0703125 0.040625
1 0.44375 0.565625 0.0609375 0.0734375
1 0.7078125 0.4046875 0.0984375 0.040625
1 0.68125 0.275 0.0515625 0.0296875