0 0.20625 0.371875 0.046875 0.040625
0 0.7515625 0.509375 0.0921875 0.0984375
0 0.634375 0.403125 0.11875 0.1171875
0 0.30625 0.3734375 0.0453125 0.040625
0 0.403125 0.375 0.0421875 0.0390625
0 0.409375 0.490625 0.025 0.0265625
0 0.803125 0.5421875 0.0328125 0.03125
1 0.590625 0.5640625 0.05 0.06875
1 0.4875 0.6265625 0.0765625 0.040625
1 0.4828125 0.4578125 0.0765625 0.0703125
1 0.75 0.6203125 0.09375 0.0421875
1 0.40625 0.4515625 0.0609375 0.034375
1 0.384375 0.58125 0.040625 0.0703125
1 0.434375 0.55625 0.0734375 0.0609375
1 0.5953125 0.2921875 0.040625 0.0984375
1 0.725 0.31875 0.0296875 0.0515625