0 0.2640625 0.3984375 0.24375 0.2328125
1 0.8828125 0.78125 0.0921875 0.1546875
1 0.8734375 0.490625 0.1515625 0.0796875
1 0.56875 0.503125 0.1203125 0.1515625
1 0.5265625 0.8671875 0.1921875 0.0796875
0 0.178125 0.6109375 0.203125 0.1890625
1 0.7328125 0.7234375 0.1296875 0.1328125
1 0.3265625 0.725 0.159375 0.1375
1 0.0796875 0.8234375 0.15 0.090625
1 0.3015625 0.171875 0.1125 0.1953125
1 0.6296875 0.3140625 0.0640625 0.1234375
0 0.615625 0.35 0.0796875 0.071875
1 0.834375 0.7890625 0.040625 0.065625
1 0.7921875 0.7609375 0.075 0.0640625
1 0.7359375 0.5265625 0.078125 0.0984375
1 0.3296875 0.5359375 0.0671875 0.0765625