0 0.7359375 0.6015625 0.24375 0.2328125
1 0.1171875 0.21875 0.0921875 0.1546875
1 0.1265625 0.509375 0.1515625 0.0796875
1 0.43125 0.496875 0.1203125 0.1515625
1 0.4734375 0.1328125 0.1921875 0.0796875
0 0.821875 0.3890625 0.203125 0.1890625
1 0.2671875 0.2765625 0.1296875 0.1328125
1 0.6734375 0.275 0.159375 0.1375
1 0.9203125 0.1765625 0.15 0.090625
1 0.6984375 0.828125 0.1125 0.1953125
1 0.3703125 0.6859375 0.0640625 0.1234375
0 0.384375 0.65 0.0796875 0.071875
1 0.165625 0.2109375 0.040625 0.065625
1 0.2078125 0.2390625 0.075 0.0640625
1 0.2640625 0.4734375 0.078125 0.0984375
1 0.6703125 0.4640625 0.0671875 0.0765625