0 0.5625 0.1375 0.1234375 0.13125
0 0.6328125 0.903125 0.059375 0.0703125
0 0.6203125 0.753125 0.053125 0.0609375
0 0.44375 0.109375 0.1015625 0.1078125
0 0.4640625 0.734375 0.03125 0.0328125
0 0.4953125 0.71875 0.034375 0.0328125
0 0.4640625 0.840625 0.034375 0.0390625
1 0.384375 0.1671875 0.0765625 0.0890625
1 0.365625 0.4453125 0.034375 0.040625
1 0.5125 0.4828125 0.04375 0.084375
1 0.3515625 0.4796875 0.084375 0.0484375
1 0.384375 0.3921875 0.071875 0.0671875
1 0.3078125 0.271875 0.0375 0.10625
1 0.3328125 0.046875 0.046875 0.0734375
1 0.6515625 0.2 0.0546875 0.034375
1 0.6828125 0.1515625 0.1046875 0.0625
1 0.609375 0.365625 0.06875 0.0375
1 0.503125 0.296875 0.084375 0.05625
0 0.4109375 0.3296875 0.0265625 0.034375
1 0.4953125 0.2 0.0546875 0.0359375
0 0.5890625 0.3953125 0.0421875 0.0375
1 0.5 0.41875 0.040625 0.0453125
0 0.4953125 0.7921875 0.03125 0.021875