0 0.4171875 0.7125 0.2109375 0.2171875
0 0.359375 0.128125 0.0703125 0.078125
0 0.6109375 0.865625 0.1703125 0.1859375
0 0.5296875 0.171875 0.0453125 0.0421875
0 0.5734375 0.1078125 0.0421875 0.0515625
0 0.5734375 0.24375 0.04375 0.0453125
1 0.509375 0.2515625 0.071875 0.128125
1 0.51875 0.4328125 0.13125 0.1265625
1 0.6984375 0.321875 0.109375 0.1265625
1 0.7453125 0.2171875 0.128125 0.0765625
1 0.753125 0.3109375 0.0515625 0.0703125
1 0.828125 0.4515625 0.075 0.1515625
1 0.7078125 0.6390625 0.1203125 0.10625
1 0.8046875 0.9078125 0.075 0.1546875
1 0.3515625 0.5234375 0.10625 0.05
1 0.21875 0.653125 0.171875 0.084375
1 0.2671875 0.796875 0.084375 0.0421875
0 0.5390625 0.25625 0.025 0.0390625
1 0.53125 0.7859375 0.084375 0.0671875