0 0.1375 0.4375 0.13125 0.1234375
0 0.903125 0.3671875 0.0703125 0.059375
0 0.753125 0.3796875 0.0609375 0.053125
0 0.109375 0.55625 0.1078125 0.1015625
0 0.734375 0.5359375 0.0328125 0.03125
0 0.71875 0.5046875 0.0328125 0.034375
0 0.840625 0.5359375 0.0390625 0.034375
1 0.1671875 0.615625 0.0890625 0.0765625
1 0.4453125 0.634375 0.040625 0.034375
1 0.4828125 0.4875 0.084375 0.04375
1 0.4796875 0.6484375 0.0484375 0.084375
1 0.3921875 0.615625 0.0671875 0.071875
1 0.271875 0.6921875 0.10625 0.0375
1 0.046875 0.6671875 0.0734375 0.046875
1 0.2 0.3484375 0.034375 0.0546875
1 0.1515625 0.3171875 0.0625 0.1046875
1 0.365625 0.390625 0.0375 0.06875
1 0.296875 0.496875 0.05625 0.084375
0 0.3296875 0.5890625 0.034375 0.0265625
1 0.2 0.5046875 0.0359375 0.0546875
0 0.3953125 0.4109375 0.0375 0.0421875
1 0.41875 0.5 0.0453125 0.040625
0 0.7921875 0.5046875 0.021875 0.03125