0 0.4375 0.8625 0.1234375 0.13125
0 0.3671875 0.096875 0.059375 0.0703125
0 0.3796875 0.246875 0.053125 0.0609375
0 0.55625 0.890625 0.1015625 0.1078125
0 0.5359375 0.265625 0.03125 0.0328125
0 0.5046875 0.28125 0.034375 0.0328125
0 0.5359375 0.159375 0.034375 0.0390625
1 0.615625 0.8328125 0.0765625 0.0890625
1 0.634375 0.5546875 0.034375 0.040625
1 0.4875 0.5171875 0.04375 0.084375
1 0.6484375 0.5203125 0.084375 0.0484375
1 0.615625 0.6078125 0.071875 0.0671875
1 0.6921875 0.728125 0.0375 0.10625
1 0.6671875 0.953125 0.046875 0.0734375
1 0.3484375 0.8 0.0546875 0.034375
1 0.3171875 0.8484375 0.1046875 0.0625
1 0.390625 0.634375 0.06875 0.0375
1 0.496875 0.703125 0.084375 0.05625
0 0.5890625 0.6703125 0.0265625 0.034375
1 0.5046875 0.8 0.0546875 0.0359375
0 0.4109375 0.6046875 0.0421875 0.0375
1 0.5 0.58125 0.040625 0.0453125
0 0.5046875 0.2078125 0.03125 0.021875