0 0.7921875 0.671875 0.2375 0.2359375
0 0.40625 0.4890625 0.290625 0.278125
0 0.1453125 0.65 0.2265625 0.209375
0 0.765625 0.421875 0.1703125 0.1578125
0 0.5703125 0.3078125 0.03125 0.0421875
0 0.634375 0.3515625 0.04375 0.04375
0 0.640625 0.3046875 0.0390625 0.0390625
0 0.7015625 0.3046875 0.0421875 0.0421875
1 0.5109375 0.3859375 0.0109375 0.01875
0 0.509375 0.359375 0.03125 0.028125
0 0.5546875 0.5328125 0.1078125 0.1390625
0 0.703125 0.340625 0.0203125 0.0203125
0 0.2703125 0.396875 0.165625 0.165625