0 0.671875 0.2078125 0.2359375 0.2375
0 0.4890625 0.59375 0.278125 0.290625
0 0.65 0.8546875 0.209375 0.2265625
0 0.421875 0.234375 0.1578125 0.1703125
0 0.3078125 0.4296875 0.0421875 0.03125
0 0.3515625 0.365625 0.04375 0.04375
0 0.3046875 0.359375 0.0390625 0.0390625
0 0.3046875 0.2984375 0.0421875 0.0421875
1 0.3859375 0.4890625 0.01875 0.0109375
0 0.359375 0.490625 0.028125 0.03125
0 0.5328125 0.4453125 0.1390625 0.1078125
0 0.340625 0.296875 0.0203125 0.0203125
0 0.396875 0.7296875 0.165625 0.165625