0 0.2875 0.4171875 0.2171875 0.2109375
0 0.871875 0.359375 0.078125 0.0703125
0 0.134375 0.6109375 0.1859375 0.1703125
0 0.828125 0.5296875 0.0421875 0.0453125
0 0.8921875 0.5734375 0.0515625 0.0421875
0 0.75625 0.5734375 0.0453125 0.04375
1 0.7484375 0.509375 0.128125 0.071875
1 0.5671875 0.51875 0.1265625 0.13125
1 0.678125 0.6984375 0.1265625 0.109375
1 0.7828125 0.7453125 0.0765625 0.128125
1 0.6890625 0.753125 0.0703125 0.0515625
1 0.5484375 0.828125 0.1515625 0.075
1 0.3609375 0.7078125 0.10625 0.1203125
1 0.0921875 0.8046875 0.1546875 0.075
1 0.4765625 0.3515625 0.05 0.10625
1 0.346875 0.21875 0.084375 0.171875
1 0.203125 0.2671875 0.0421875 0.084375
0 0.74375 0.5390625 0.0390625 0.025
1 0.2140625 0.53125 0.0671875 0.084375