0 0.2875 0.5828125 0.2171875 0.2109375
0 0.871875 0.640625 0.078125 0.0703125
0 0.134375 0.3890625 0.1859375 0.1703125
0 0.828125 0.4703125 0.0421875 0.0453125
0 0.8921875 0.4265625 0.0515625 0.0421875
0 0.75625 0.4265625 0.0453125 0.04375
1 0.7484375 0.490625 0.128125 0.071875
1 0.5671875 0.48125 0.1265625 0.13125
1 0.678125 0.3015625 0.1265625 0.109375
1 0.7828125 0.2546875 0.0765625 0.128125
1 0.6890625 0.246875 0.0703125 0.0515625
1 0.5484375 0.171875 0.1515625 0.075
1 0.3609375 0.2921875 0.10625 0.1203125
1 0.0921875 0.1953125 0.1546875 0.075
1 0.4765625 0.6484375 0.05 0.10625
1 0.346875 0.78125 0.084375 0.171875
1 0.203125 0.7328125 0.0421875 0.084375
0 0.74375 0.4609375 0.0390625 0.025
1 0.2140625 0.46875 0.0671875 0.084375